2.499341125488281250e+02
2.499981231689453125e+02
2.499981231689453125e+02
2.499981231689453125e+02
2.500621643066406250e+02
2.500621643066406250e+02
2.501261749267578125e+02
2.501261749267578125e+02
2.501901855468750000e+02
2.501901855468750000e+02
2.502541961669921875e+02
2.502541961669921875e+02
2.503182373046875000e+02
2.503182373046875000e+02
2.503822479248046875e+02
2.503822479248046875e+02
2.504462585449218750e+02
2.504462585449218750e+02
2.505102996826171875e+02
2.505102996826171875e+02
2.505743103027343750e+02
2.505743103027343750e+02
2.506383361816406250e+02
2.506383361816406250e+02
2.507023468017578125e+02
2.507023468017578125e+02
2.507663879394531250e+02
2.507663879394531250e+02
2.508303985595703125e+02
2.508303985595703125e+02
2.508944091796875000e+02
2.508944091796875000e+02
2.509584197998046875e+02
2.509584197998046875e+02
2.510224609375000000e+02
2.510224609375000000e+02
2.510864715576171875e+02
2.510864715576171875e+02
2.511504821777343750e+02
2.511504821777343750e+02
2.512145080566406250e+02
2.512145080566406250e+02
2.512145080566406250e+02
2.512785339355468750e+02
2.512785339355468750e+02
2.513425598144531250e+02
2.513425598144531250e+02
2.514065704345703125e+02
2.514065704345703125e+02
2.514705810546875000e+02
2.514705810546875000e+02
2.515346221923828125e+02
2.515346221923828125e+02
2.515986328125000000e+02
2.515986328125000000e+02
2.516626434326171875e+02
2.516626434326171875e+02
2.517266540527343750e+02
2.517266540527343750e+02
2.517906951904296875e+02
2.517906951904296875e+02
2.518547058105468750e+02
2.518547058105468750e+02
2.519187316894531250e+02
2.519187316894531250e+02
2.519827423095703125e+02
2.519827423095703125e+02
2.520467834472656250e+02
2.520467834472656250e+02
2.521107940673828125e+02
2.521107940673828125e+02
2.521748046875000000e+02
2.521748046875000000e+02
2.522388458251953125e+02
2.522388458251953125e+02
2.523028564453125000e+02
2.523028564453125000e+02
2.523668670654296875e+02
2.523668670654296875e+02
2.524308776855468750e+02
2.524308776855468750e+02
2.524308776855468750e+02
2.524949188232421875e+02
2.524949188232421875e+02
2.525589294433593750e+02
2.526229553222656250e+02
2.526229553222656250e+02
2.526869659423828125e+02
2.526869659423828125e+02
2.527510070800781250e+02
2.528150177001953125e+02
2.528150177001953125e+02
2.528790283203125000e+02
2.529430389404296875e+02
2.529430389404296875e+02
2.530070800781250000e+02
2.530710906982421875e+02
2.530710906982421875e+02
2.531351013183593750e+02
2.531351013183593750e+02
2.531991271972656250e+02
2.532631530761718750e+02
2.532631530761718750e+02
2.533271789550781250e+02
2.533911895751953125e+02
2.533911895751953125e+02
2.534552001953125000e+02
2.535192413330078125e+02
2.535192413330078125e+02
2.535832519531250000e+02
2.535832519531250000e+02
2.536472625732421875e+02
2.537112731933593750e+02
2.537112731933593750e+02
2.537753143310546875e+02
2.538393249511718750e+02
2.538393249511718750e+02
2.539033508300781250e+02
2.539673767089843750e+02
2.539673767089843750e+02
2.540314025878906250e+02
2.540314025878906250e+02
2.540954132080078125e+02
2.541594238281250000e+02
2.541594238281250000e+02
2.542234649658203125e+02
2.542874755859375000e+02
2.542874755859375000e+02
2.543514862060546875e+02
2.544154968261718750e+02
2.544154968261718750e+02
2.544795379638671875e+02
2.545435485839843750e+02
2.546075744628906250e+02
2.546075744628906250e+02
2.546715850830078125e+02
2.547356262207031250e+02
2.547356262207031250e+02
2.547996368408203125e+02
2.548636474609375000e+02
2.548636474609375000e+02
2.549276580810546875e+02
2.549916992187500000e+02
2.549916992187500000e+02
2.550557098388671875e+02
2.550557098388671875e+02
2.551197204589843750e+02
2.551837463378906250e+02
2.551837463378906250e+02
2.552477722167968750e+02
2.553117980957031250e+02
2.553117980957031250e+02
2.553758087158203125e+02
2.554398193359375000e+02
2.554398193359375000e+02
2.555038604736328125e+02
2.555038604736328125e+02
2.555678710937500000e+02
2.556318817138671875e+02
2.556318817138671875e+02
2.556959228515625000e+02
2.557599334716796875e+02
2.557599334716796875e+02
2.558239440917968750e+02
2.558879699707031250e+02
2.558879699707031250e+02
2.559519958496093750e+02
2.559519958496093750e+02
2.560160217285156250e+02
2.560800170898437500e+02
2.560800170898437500e+02
2.561440429687500000e+02
2.562080688476562500e+02
2.562080688476562500e+02
2.562720947265625000e+02
2.563361206054687500e+02
2.563361206054687500e+02
2.564001159667968750e+02
2.564001159667968750e+02
2.564641723632812500e+02
2.565281677246093750e+02
2.565281677246093750e+02
2.565921936035156250e+02
2.565921936035156250e+02
2.566561889648437500e+02
2.567202453613281250e+02
2.567842407226562500e+02
2.567842407226562500e+02
2.568482666015625000e+02
2.569122924804687500e+02
2.569763183593750000e+02
2.570403442382812500e+02
2.571043395996093750e+02
2.571683654785156250e+02
2.571683654785156250e+02
2.572323913574218750e+02
2.572964172363281250e+02
2.573604125976562500e+02
2.574244689941406250e+02
2.574884643554687500e+02
2.575524902343750000e+02
2.575524902343750000e+02
2.576165161132812500e+02
2.576805419921875000e+02
2.577445678710937500e+02
2.578085632324218750e+02
2.578725891113281250e+02
2.579366149902343750e+02
2.579366149902343750e+02
2.580006408691406250e+02
2.580646362304687500e+02
2.581286621093750000e+02
2.581926879882812500e+02
2.582567138671875000e+02
2.583207397460937500e+02
2.583207397460937500e+02
2.583847351074218750e+02
2.584487915039062500e+02
2.585127868652343750e+02
2.585768127441406250e+02
2.586408081054687500e+02
2.587048645019531250e+02
2.587048645019531250e+02
2.587688598632812500e+02
2.588328857421875000e+02
2.588969116210937500e+02
2.589609375000000000e+02
2.590249633789062500e+02
2.590889587402343750e+02
2.590889587402343750e+02
2.591530151367187500e+02
2.592170104980468750e+02
2.592810363769531250e+02
2.593450317382812500e+02
2.594090881347656250e+02
2.594730834960937500e+02
2.594730834960937500e+02
2.595371093750000000e+02
2.596011352539062500e+02
2.596651611328125000e+02
2.597291870117187500e+02
2.597931823730468750e+02
2.598572082519531250e+02
2.598572082519531250e+02
2.599212341308593750e+02
2.599852600097656250e+02
2.600492553710937500e+02
2.601132812500000000e+02
2.601773071289062500e+02
2.602413330078125000e+02
2.603053588867187500e+02
2.603053588867187500e+02
2.603693542480468750e+02
2.604334106445312500e+02
2.604974060058593750e+02
2.605614318847656250e+02
2.606254577636718750e+02
2.606894836425781250e+02
2.606894836425781250e+02
2.607534790039062500e+02
2.608175048828125000e+02
2.608815307617187500e+02
2.609455566406250000e+02
2.610095825195312500e+02
2.610735778808593750e+02
2.610735778808593750e+02
2.611376342773437500e+02
2.612016296386718750e+02
2.612656555175781250e+02
2.613296508789062500e+02
2.613937072753906250e+02
2.614577026367187500e+02
2.614577026367187500e+02
2.615217285156250000e+02
2.615857543945312500e+02
2.616497802734375000e+02
2.617138061523437500e+02
2.617778015136718750e+02
2.618418273925781250e+02
2.618418273925781250e+02
2.619058532714843750e+02
2.619698791503906250e+02
2.620338745117187500e+02
2.620979003906250000e+02
2.621619262695312500e+02
2.622259521484375000e+02
2.622259521484375000e+02
2.622899780273437500e+02
2.623540039062500000e+02
2.624180297851562500e+02
2.624820251464843750e+02
2.625460510253906250e+02
2.626100769042968750e+02
2.626100769042968750e+02
2.626741027832031250e+02
2.627380981445312500e+02
2.628021240234375000e+02
2.628661499023437500e+02
2.629301757812500000e+02
2.629942016601562500e+02
2.629942016601562500e+02
2.630581970214843750e+02
2.631222534179687500e+02
2.631862487792968750e+02
2.632502746582031250e+02
2.633142700195312500e+02
2.633783264160156250e+02
2.633783264160156250e+02
2.634423217773437500e+02
2.635063476562500000e+02
2.635703735351562500e+02
2.636343994140625000e+02
2.636984252929687500e+02
2.637624206542968750e+02
2.637624206542968750e+02
2.638264465332031250e+02
2.638904724121093750e+02
2.639544982910156250e+02
2.640184936523437500e+02
2.640825500488281250e+02
2.641465454101562500e+02
2.641465454101562500e+02
2.642105712890625000e+02
2.642745971679687500e+02
2.643386230468750000e+02
2.644026489257812500e+02
2.644666442871093750e+02
2.645306701660156250e+02
2.645306701660156250e+02
2.645946960449218750e+02
2.646587219238281250e+02
2.647227172851562500e+02
2.647867431640625000e+02
2.648507690429687500e+02
2.649147949218750000e+02
2.649147949218750000e+02
2.649788208007812500e+02
2.650428161621093750e+02
2.651068725585937500e+02
2.651708679199218750e+02
2.652348937988281250e+02
2.652988891601562500e+02
2.652988891601562500e+02
2.653629455566406250e+02
2.654269409179687500e+02
2.654909667968750000e+02
2.655549926757812500e+02
2.656190185546875000e+02
2.656830444335937500e+02
2.656830444335937500e+02
2.657470397949218750e+02
2.658110961914062500e+02
2.658750915527343750e+02
2.659391174316406250e+02
2.660031127929687500e+02
2.660671691894531250e+02
2.660671691894531250e+02
2.661311645507812500e+02
2.661951904296875000e+02
2.662592163085937500e+02
2.663232421875000000e+02
2.663872680664062500e+02
2.664512634277343750e+02
2.664512634277343750e+02
2.665152893066406250e+02
2.665793151855468750e+02
2.666433410644531250e+02
2.667073364257812500e+02
2.667713623046875000e+02
2.668353881835937500e+02
2.668994140625000000e+02
2.668994140625000000e+02
2.669634399414062500e+02
2.670274353027343750e+02
2.670914916992187500e+02
2.671554870605468750e+02
2.672195129394531250e+02
2.672835388183593750e+02
2.672835388183593750e+02
2.673475646972656250e+02
2.674115600585937500e+02
2.674755859375000000e+02
2.675396118164062500e+02
2.676036376953125000e+02
2.676676635742187500e+02
2.676676635742187500e+02
2.677316589355468750e+02
2.677957153320312500e+02
2.678597106933593750e+02
2.679237365722656250e+02
2.679877319335937500e+02
2.680517883300781250e+02
2.680517883300781250e+02
2.681157836914062500e+02
2.681798095703125000e+02
2.682438354492187500e+02
2.683078613281250000e+02
2.683718872070312500e+02
2.684358825683593750e+02
2.684358825683593750e+02
2.684999084472656250e+02
2.685639343261718750e+02
2.686279602050781250e+02
2.686919555664062500e+02
2.687559814453125000e+02
2.688200073242187500e+02
2.688200073242187500e+02
2.688840332031250000e+02
2.689480590820312500e+02
2.690120849609375000e+02
2.690761108398437500e+02
2.691401062011718750e+02
2.692041320800781250e+02
2.692041320800781250e+02
2.692681579589843750e+02
2.693321838378906250e+02
2.693961791992187500e+02
2.694602050781250000e+02
2.695242309570312500e+02
2.695882568359375000e+02
2.695882568359375000e+02
2.696522827148437500e+02
2.697162780761718750e+02
2.697803344726562500e+02
2.698443298339843750e+02
2.699083557128906250e+02
2.699723510742187500e+02
2.699723510742187500e+02
2.700364074707031250e+02
2.701004028320312500e+02
2.701644287109375000e+02
2.701644287109375000e+02
2.702284545898437500e+02
2.702924804687500000e+02
2.703565063476562500e+02
2.704205017089843750e+02
2.704845275878906250e+02
2.705485534667968750e+02
2.706125793457031250e+02
2.706125793457031250e+02
2.706765747070312500e+02
2.707406311035156250e+02
2.708046264648437500e+02
2.708686523437500000e+02
2.709326782226562500e+02
2.709967041015625000e+02
2.710607299804687500e+02
2.711247253417968750e+02
2.711887512207031250e+02
2.712527770996093750e+02
2.713168029785156250e+02
2.713807983398437500e+02
2.714448242187500000e+02
2.715088500976562500e+02
2.715088500976562500e+02
2.715728759765625000e+02
2.716369018554687500e+02
2.717008972167968750e+02
2.717649536132812500e+02
2.718289489746093750e+02
2.718929748535156250e+02
2.719569702148437500e+02
2.720210266113281250e+02
2.720850219726562500e+02
2.721490478515625000e+02
2.722130737304687500e+02
2.722770996093750000e+02
2.723411254882812500e+02
2.724051208496093750e+02
2.724051208496093750e+02
2.724691772460937500e+02
2.725331726074218750e+02
2.725971984863281250e+02
2.726611938476562500e+02
2.727252502441406250e+02
2.727892456054687500e+02
2.728532714843750000e+02
2.729172973632812500e+02
2.729813232421875000e+02
2.730453491210937500e+02
2.731093444824218750e+02
2.731733703613281250e+02
2.732373962402343750e+02
2.733014221191406250e+02
2.733014221191406250e+02
2.733654174804687500e+02
2.734294433593750000e+02
2.734934692382812500e+02
2.735574951171875000e+02
2.736215209960937500e+02
2.736855163574218750e+02
2.737495727539062500e+02
2.738135681152343750e+02
2.738775939941406250e+02
2.739415893554687500e+02
2.740056457519531250e+02
2.740696411132812500e+02
2.741336669921875000e+02
2.741976928710937500e+02
2.741976928710937500e+02
2.742617187500000000e+02
2.743257446289062500e+02
2.743897399902343750e+02
2.744537963867187500e+02
2.745177917480468750e+02
2.745818176269531250e+02
2.746458129882812500e+02
2.747098693847656250e+02
2.747738647460937500e+02
2.748378906250000000e+02
2.749019165039062500e+02
2.749659423828125000e+02
2.750299682617187500e+02
2.750939636230468750e+02
2.750939636230468750e+02
2.751579895019531250e+02
2.752220153808593750e+02
2.752860412597656250e+02
2.753500366210937500e+02
2.754140625000000000e+02
2.754780883789062500e+02
2.755421142578125000e+02
2.756061401367187500e+02
2.756701354980468750e+02
2.757341918945312500e+02
2.757981872558593750e+02
2.758622131347656250e+02
2.759262390136718750e+02
2.759902648925781250e+02
2.760542602539062500e+02
2.761182861328125000e+02
2.761823120117187500e+02
2.762463378906250000e+02
2.763103637695312500e+02
2.763743591308593750e+02
2.764384155273437500e+02
2.765024108886718750e+02
2.765664367675781250e+02
2.766304321289062500e+02
2.766944885253906250e+02
2.767584838867187500e+02
2.768225097656250000e+02
2.768225097656250000e+02
2.768865356445312500e+02
2.769505615234375000e+02
2.770145874023437500e+02
2.770785827636718750e+02
2.771426086425781250e+02
2.772066345214843750e+02
2.772706604003906250e+02
2.773346557617187500e+02
2.773987121582031250e+02
2.774627075195312500e+02
2.775267333984375000e+02
2.775907592773437500e+02
2.776547851562500000e+02
2.777188110351562500e+02
2.777188110351562500e+02
2.777828063964843750e+02
2.778468322753906250e+02
2.779108581542968750e+02
2.779748840332031250e+02
2.780388793945312500e+02
2.781029052734375000e+02
2.781669311523437500e+02
2.782309570312500000e+02
2.782949829101562500e+02
2.783589782714843750e+02
2.784230346679687500e+02
2.784870300292968750e+02
2.785510559082031250e+02
2.786150512695312500e+02
2.786150512695312500e+02
2.786791076660156250e+02
2.787431030273437500e+02
2.788071289062500000e+02
2.788711547851562500e+02
2.789351806640625000e+02
2.789992065429687500e+02
2.790632019042968750e+02
2.791272583007812500e+02
2.791912536621093750e+02
2.792552795410156250e+02
2.793192749023437500e+02
2.793833312988281250e+02
2.794473266601562500e+02
2.795113525390625000e+02
2.795113525390625000e+02
2.795753784179687500e+02
2.796394042968750000e+02
2.797034301757812500e+02
2.797674255371093750e+02
2.798314514160156250e+02
2.798954772949218750e+02
2.799595031738281250e+02
2.800234985351562500e+02
2.800875244140625000e+02
2.801515502929687500e+02
2.802155761718750000e+02
2.802796020507812500e+02
2.803435974121093750e+02
2.804076538085937500e+02
2.804076538085937500e+02
2.804716491699218750e+02
2.805356750488281250e+02
2.805996704101562500e+02
2.806637268066406250e+02
2.807277221679687500e+02
2.807917480468750000e+02
2.808557739257812500e+02
2.809197998046875000e+02
2.809838256835937500e+02
2.810478210449218750e+02
2.811118774414062500e+02
2.811758728027343750e+02
2.812398986816406250e+02
2.813038940429687500e+02
2.813038940429687500e+02
2.813679504394531250e+02
2.814319458007812500e+02
2.814959716796875000e+02
2.815599975585937500e+02
2.816240234375000000e+02
2.816880493164062500e+02
2.817520446777343750e+02
2.818160705566406250e+02
2.818800964355468750e+02
2.819441223144531250e+02
2.820081176757812500e+02
2.820721435546875000e+02
2.821361694335937500e+02
2.822001953125000000e+02
2.822001953125000000e+02
2.822642211914062500e+02
2.823282165527343750e+02
2.823922729492187500e+02
2.824562683105468750e+02
2.825202941894531250e+02
2.825843200683593750e+02
2.826483459472656250e+02
2.827123413085937500e+02
2.827763671875000000e+02
2.828403930664062500e+02
2.829044189453125000e+02
2.829684448242187500e+02
2.830324401855468750e+02
2.830964965820312500e+02
2.830964965820312500e+02
2.831604919433593750e+02
2.832245178222656250e+02
2.832885131835937500e+02
2.833525695800781250e+02
2.834165649414062500e+02
2.834805908203125000e+02
2.835446166992187500e+02
2.836086425781250000e+02
2.836726684570312500e+02
2.837366638183593750e+02
2.838006896972656250e+02
2.838647155761718750e+02
2.839287414550781250e+02
2.839927368164062500e+02
2.839927368164062500e+02
2.840567626953125000e+02
2.841207885742187500e+02
2.841848144531250000e+02
2.842488403320312500e+02
2.843128662109375000e+02
2.843768920898437500e+02
2.844408874511718750e+02
2.845049133300781250e+02
2.845689392089843750e+02
2.846329650878906250e+02
2.846969604492187500e+02
2.847609863281250000e+02
2.848250122070312500e+02
2.848890380859375000e+02
2.848890380859375000e+02
2.849530639648437500e+02
2.850170593261718750e+02
2.850811157226562500e+02
2.851451110839843750e+02
2.852091369628906250e+02
2.852731323242187500e+02
2.853371887207031250e+02
2.854011840820312500e+02
2.854652099609375000e+02
2.855292358398437500e+02
2.855932617187500000e+02
2.856572875976562500e+02
2.857212829589843750e+02
2.857853393554687500e+02
2.857853393554687500e+02
2.858493347167968750e+02
2.859133605957031250e+02
2.859773559570312500e+02
2.860414123535156250e+02
2.861054077148437500e+02
2.861694335937500000e+02
2.862334594726562500e+02
2.862974853515625000e+02
2.863615112304687500e+02
2.864255065917968750e+02
2.864895324707031250e+02
2.865535583496093750e+02
2.866175842285156250e+02
2.866815795898437500e+02
2.866815795898437500e+02
2.867456054687500000e+02
2.868096313476562500e+02
2.868736572265625000e+02
2.869376831054687500e+02
2.870016784667968750e+02
2.870657348632812500e+02
2.871297302246093750e+02
2.871937561035156250e+02
2.872577514648437500e+02
2.873218078613281250e+02
2.873858032226562500e+02
2.874498291015625000e+02
2.875138549804687500e+02
2.875778808593750000e+02
2.876419067382812500e+02
2.877059020996093750e+02
2.877699584960937500e+02
2.878339538574218750e+02
2.878979797363281250e+02
2.879619750976562500e+02
2.880260314941406250e+02
2.880900268554687500e+02
2.881540527343750000e+02
2.882180786132812500e+02
2.882821044921875000e+02
2.883461303710937500e+02
2.884101257324218750e+02
2.884101257324218750e+02
2.884741516113281250e+02
2.885381774902343750e+02
2.886022033691406250e+02
2.886661987304687500e+02
2.887302246093750000e+02
2.887942504882812500e+02
2.888582763671875000e+02
2.889223022460937500e+02
2.889862976074218750e+02
2.890503540039062500e+02
2.891143493652343750e+02
2.891783752441406250e+02
2.892424011230468750e+02
2.893064270019531250e+02
2.893064270019531250e+02
2.893704223632812500e+02
2.894344482421875000e+02
2.894984741210937500e+02
2.895625000000000000e+02
2.896265258789062500e+02
2.896905212402343750e+02
2.897545776367187500e+02
2.898185729980468750e+02
2.898825988769531250e+02
2.899465942382812500e+02
2.900106506347656250e+02
2.900746459960937500e+02
2.901386718750000000e+02
2.902026977539062500e+02
2.902026977539062500e+02
2.902667236328125000e+02
2.903307495117187500e+02
2.903947448730468750e+02
2.904587707519531250e+02
2.905227966308593750e+02
2.905868225097656250e+02
2.906508178710937500e+02
2.907148437500000000e+02
2.907788696289062500e+02
2.908428955078125000e+02
2.909069213867187500e+02
2.909709472656250000e+02
2.910349731445312500e+02
2.910989685058593750e+02
2.910989685058593750e+02
2.911629943847656250e+02
2.912270202636718750e+02
2.912910461425781250e+02
2.913550415039062500e+02
2.914190673828125000e+02
2.914830932617187500e+02
2.915471191406250000e+02
2.916111450195312500e+02
2.916751403808593750e+02
2.917391967773437500e+02
2.918031921386718750e+02
2.918672180175781250e+02
2.919312133789062500e+02
2.919952697753906250e+02
2.919952697753906250e+02
2.920592651367187500e+02
2.921232910156250000e+02
2.921873168945312500e+02
2.922513427734375000e+02
2.923153686523437500e+02
2.923793640136718750e+02
2.924433898925781250e+02
2.925074157714843750e+02
2.925714416503906250e+02
2.926354370117187500e+02
2.926994934082031250e+02
2.927634887695312500e+02
2.928275146484375000e+02
2.928915405273437500e+02
2.928915405273437500e+02
2.929555664062500000e+02
2.930195922851562500e+02
2.930835876464843750e+02
2.931476135253906250e+02
2.932116394042968750e+02
2.932756652832031250e+02
2.933396606445312500e+02
