1.600000000000000000e+02
1.600489596083231447e+02
1.600979192166462610e+02
1.601468788249694057e+02
1.601958384332925220e+02
1.602447980416156668e+02
1.602937576499388115e+02
1.603427172582619278e+02
1.603916768665850725e+02
1.604406364749081888e+02
1.604895960832313335e+02
1.605385556915544782e+02
1.605875152998775945e+02
1.606364749082007393e+02
1.606854345165238556e+02
1.607343941248470003e+02
1.607833537331701450e+02
1.608323133414932613e+02
1.608812729498164060e+02
1.609302325581395223e+02
1.609791921664626670e+02
1.610281517747858118e+02
1.610771113831089281e+02
1.611260709914320728e+02
1.611750305997551891e+02
1.612239902080783338e+02
1.612729498164014785e+02
1.613219094247245948e+02
1.613708690330477395e+02
1.614198286413708558e+02
1.614687882496940006e+02
1.615177478580171453e+02
1.615667074663402616e+02
1.616156670746634063e+02
1.616646266829865226e+02
1.617135862913096673e+02
1.617625458996328121e+02
1.618115055079559284e+02
1.618604651162790731e+02
1.619094247246021894e+02
1.619583843329253341e+02
1.620073439412484788e+02
1.620563035495715951e+02
1.621052631578947398e+02
1.621542227662178561e+02
1.622031823745410009e+02
1.622521419828641456e+02
1.623011015911872619e+02
1.623500611995104066e+02
1.623990208078335513e+02
1.624479804161566676e+02
1.624969400244798123e+02
1.625458996328029286e+02
1.625948592411260734e+02
1.626438188494492181e+02
1.626927784577723344e+02
1.627417380660954791e+02
1.627906976744185954e+02
1.628396572827417401e+02
1.628886168910648848e+02
1.629375764993880011e+02
1.629865361077111459e+02
1.630354957160342622e+02
1.630844553243574069e+02
1.631334149326805516e+02
1.631823745410036679e+02
1.632313341493268126e+02
1.632802937576499289e+02
1.633292533659730736e+02
1.633782129742962184e+02
1.634271725826193347e+02
1.634761321909424794e+02
1.635250917992655957e+02
1.635740514075887404e+02
1.636230110159118851e+02
1.636719706242350014e+02
1.637209302325581461e+02
1.637698898408812624e+02
1.638188494492044072e+02
1.638678090575275519e+02
1.639167686658506682e+02
1.639657282741738129e+02
1.640146878824969292e+02
1.640636474908200739e+02
1.641126070991432186e+02
1.641615667074663349e+02
1.642105263157894797e+02
1.642594859241125960e+02
1.643084455324357407e+02
1.643574051407588854e+02
1.644063647490820017e+02
1.644553243574051464e+02
1.645042839657282627e+02
1.645532435740514074e+02
1.646022031823745522e+02
1.646511627906976685e+02
1.647001223990208132e+02
1.647490820073439295e+02
1.647980416156670742e+02
1.648470012239902189e+02
1.648959608323133352e+02
1.649449204406364800e+02
1.649938800489595963e+02
1.650428396572827410e+02
1.650917992656058857e+02
1.651407588739290020e+02
1.651897184822521467e+02
1.652386780905752630e+02
1.652876376988984077e+02
1.653365973072215525e+02
1.653855569155446688e+02
1.654345165238678135e+02
1.654834761321909298e+02
1.655324357405140745e+02
1.655813953488372192e+02
1.656303549571603355e+02
1.656793145654834802e+02
1.657282741738065965e+02
1.657772337821297413e+02
1.658261933904528860e+02
1.658751529987760023e+02
1.659241126070991470e+02
1.659730722154222633e+02
1.660220318237454080e+02
1.660709914320685527e+02
1.661199510403916690e+02
1.661689106487148138e+02
1.662178702570379301e+02
1.662668298653610748e+02
1.663157894736842195e+02
1.663647490820073358e+02
1.664137086903304805e+02
1.664626682986536252e+02
1.665116279069767415e+02
1.665605875152998863e+02
1.666095471236230026e+02
1.666585067319461473e+02
1.667074663402692636e+02
1.667564259485924083e+02
1.668053855569155530e+02
1.668543451652386693e+02
1.669033047735618140e+02
1.669522643818849588e+02
1.670012239902080751e+02
1.670501835985312198e+02
1.670991432068543361e+02
1.671481028151774808e+02
1.671970624235006255e+02
1.672460220318237418e+02
1.672949816401468865e+02
1.673439412484700028e+02
1.673929008567931476e+02
1.674418604651162923e+02
1.674908200734394086e+02
1.675397796817625533e+02
1.675887392900856696e+02
1.676376988984088143e+02
1.676866585067319591e+02
1.677356181150550754e+02
1.677845777233782201e+02
1.678335373317013364e+02
1.678824969400244811e+02
1.679314565483476258e+02
1.679804161566707421e+02
1.680293757649938868e+02
1.680783353733170031e+02
1.681272949816401479e+02
1.681762545899632926e+02
1.682252141982864089e+02
1.682741738066095536e+02
1.683231334149326699e+02
1.683720930232558146e+02
1.684210526315789593e+02
1.684700122399020756e+02
1.685189718482252204e+02
1.685679314565483367e+02
1.686168910648714814e+02
1.686658506731946261e+02
1.687148102815177424e+02
1.687637698898408871e+02
1.688127294981640034e+02
1.688616891064871481e+02
1.689106487148102929e+02
1.689596083231334092e+02
1.690085679314565539e+02
1.690575275397796702e+02
1.691064871481028149e+02
1.691554467564259596e+02
1.692044063647490759e+02
1.692533659730722206e+02
1.693023255813953369e+02
1.693512851897184817e+02
1.694002447980416264e+02
1.694492044063647427e+02
1.694981640146878874e+02
1.695471236230110037e+02
1.695960832313341484e+02
1.696450428396572931e+02
1.696940024479804094e+02
1.697429620563035542e+02
1.697919216646266705e+02
1.698408812729498152e+02
1.698898408812729599e+02
1.699388004895960762e+02
1.699877600979192209e+02
1.700367197062423656e+02
1.700856793145654819e+02
1.701346389228886267e+02
1.701835985312117430e+02
1.702325581395348877e+02
1.702815177478580040e+02
1.703304773561811487e+02
1.703794369645042934e+02
1.704283965728274097e+02
1.704773561811505544e+02
1.705263157894736992e+02
1.705752753977968155e+02
1.706242350061199602e+02
1.706731946144430765e+02
1.707221542227662212e+02
1.707711138310893375e+02
1.708200734394124822e+02
1.708690330477356270e+02
1.709179926560587433e+02
1.709669522643818880e+02
1.710159118727050327e+02
1.710648714810281490e+02
1.711138310893512937e+02
1.711627906976744100e+02
1.712117503059975547e+02
1.712607099143206710e+02
1.713096695226438158e+02
1.713586291309669605e+02
1.714075887392900768e+02
1.714565483476132215e+02
1.715055079559363662e+02
1.715544675642594825e+02
1.716034271725826272e+02
1.716523867809057435e+02
1.717013463892288883e+02
1.717503059975520330e+02
1.717992656058751493e+02
1.718482252141982940e+02
1.718971848225214103e+02
1.719461444308445550e+02
1.719951040391676997e+02
1.720440636474908160e+02
1.720930232558139608e+02
1.721419828641370771e+02
1.721909424724602218e+02
1.722399020807833665e+02
1.722888616891064828e+02
1.723378212974296275e+02
1.723867809057527438e+02
1.724357405140758885e+02
1.724847001223990333e+02
1.725336597307221496e+02
1.725826193390452943e+02
1.726315789473684106e+02
1.726805385556915553e+02
1.727294981640147000e+02
1.727784577723378163e+02
1.728274173806609610e+02
1.728763769889840773e+02
1.729253365973072221e+02
1.729742962056303668e+02
1.730232558139534831e+02
1.730722154222766278e+02
1.731211750305997441e+02
1.731701346389228888e+02
1.732190942472460335e+02
1.732680538555691498e+02
1.733170134638922946e+02
1.733659730722154109e+02
1.734149326805385556e+02
1.734638922888617003e+02
1.735128518971848166e+02
1.735618115055079613e+02
1.736107711138310776e+02
1.736597307221542223e+02
1.737086903304773671e+02
1.737576499388004834e+02
1.738066095471236281e+02
1.738555691554467444e+02
1.739045287637698891e+02
1.739534883720930338e+02
1.740024479804161501e+02
1.740514075887392949e+02
1.741003671970624112e+02
1.741493268053855559e+02
1.741982864137087006e+02
1.742472460220318169e+02
1.742962056303549616e+02
1.743451652386780779e+02
1.743941248470012226e+02
1.744430844553243674e+02
1.744920440636474837e+02
1.745410036719706284e+02
1.745899632802937731e+02
1.746389228886168894e+02
1.746878824969400341e+02
1.747368421052631504e+02
1.747858017135862951e+02
1.748347613219094114e+02
1.748837209302325562e+02
1.749326805385557009e+02
1.749816401468788172e+02
1.750305997552019619e+02
1.750795593635251066e+02
1.751285189718482229e+02
1.751774785801713676e+02
1.752264381884944839e+02
1.752753977968176287e+02
1.753243574051407450e+02
1.753733170134638897e+02
1.754222766217870344e+02
1.754712362301101507e+02
1.755201958384332954e+02
1.755691554467564401e+02
1.756181150550795564e+02
1.756670746634027012e+02
1.757160342717258175e+02
1.757649938800489622e+02
1.758139534883721069e+02
1.758629130966952232e+02
1.759118727050183679e+02
1.759608323133414842e+02
1.760097919216646289e+02
1.760587515299877737e+02
1.761077111383108900e+02
1.761566707466340347e+02
1.762056303549571510e+02
1.762545899632802957e+02
1.763035495716034404e+02
1.763525091799265567e+02
1.764014687882497014e+02
1.764504283965728177e+02
1.764993880048959625e+02
1.765483476132191072e+02
1.765973072215422235e+02
1.766462668298653682e+02
1.766952264381884845e+02
1.767441860465116292e+02
1.767931456548347739e+02
1.768421052631578902e+02
1.768910648714810350e+02
1.769400244798041513e+02
1.769889840881272960e+02
1.770379436964504407e+02
1.770869033047735570e+02
1.771358629130967017e+02
1.771848225214198180e+02
1.772337821297429628e+02
1.772827417380661075e+02
1.773317013463892238e+02
1.773806609547123685e+02
1.774296205630354848e+02
1.774785801713586295e+02
1.775275397796817742e+02
1.775764993880048905e+02
1.776254589963280353e+02
1.776744186046511516e+02
1.777233782129742963e+02
1.777723378212974410e+02
1.778212974296205573e+02
1.778702570379437020e+02
1.779192166462668183e+02
1.779681762545899630e+02
1.780171358629131078e+02
1.780660954712362241e+02
1.781150550795593688e+02
1.781640146878825135e+02
1.782129742962056298e+02
1.782619339045287745e+02
1.783108935128518908e+02
1.783598531211750355e+02
1.784088127294981518e+02
1.784577723378212966e+02
1.785067319461444413e+02
1.785556915544675576e+02
1.786046511627907023e+02
1.786536107711138470e+02
1.787025703794369633e+02
1.787515299877601080e+02
1.788004895960832243e+02
1.788494492044063691e+02
1.788984088127294854e+02
1.789473684210526301e+02
1.789963280293757748e+02
1.790452876376988911e+02
1.790942472460220358e+02
1.791432068543451805e+02
1.791921664626682968e+02
1.792411260709914416e+02
1.792900856793145579e+02
1.793390452876377026e+02
1.793880048959608189e+02
1.794369645042839636e+02
1.794859241126071083e+02
1.795348837209302246e+02
1.795838433292533693e+02
1.796328029375765141e+02
1.796817625458996304e+02
1.797307221542227751e+02
1.797796817625458914e+02
1.798286413708690361e+02
1.798776009791921524e+02
1.799265605875152971e+02
1.799755201958384419e+02
1.800244798041615581e+02
1.800734394124847029e+02
1.801223990208078476e+02
1.801713586291309639e+02
1.802203182374541086e+02
1.802692778457772249e+02
1.803182374541003696e+02
1.803671970624234859e+02
1.804161566707466307e+02
1.804651162790697754e+02
1.805140758873928917e+02
1.805630354957160364e+02
1.806119951040391811e+02
1.806609547123622974e+02
1.807099143206854421e+02
1.807588739290085584e+02
1.808078335373317032e+02
1.808567931456548479e+02
1.809057527539779642e+02
1.809547123623011089e+02
1.810036719706242252e+02
1.810526315789473699e+02
1.811015911872705146e+02
1.811505507955936309e+02
1.811995104039167757e+02
1.812484700122398920e+02
1.812974296205630367e+02
1.813463892288861814e+02
1.813953488372092977e+02
1.814443084455324424e+02
1.814932680538555587e+02
1.815422276621787034e+02
1.815911872705018482e+02
1.816401468788249645e+02
1.816891064871481092e+02
1.817380660954712255e+02
1.817870257037943702e+02
1.818359853121175149e+02
1.818849449204406312e+02
1.819339045287637759e+02
1.819828641370868922e+02
1.820318237454100370e+02
1.820807833537331817e+02
1.821297429620562980e+02
1.821787025703794427e+02
1.822276621787025874e+02
1.822766217870257037e+02
1.823255813953488484e+02
1.823745410036719647e+02
1.824235006119951095e+02
1.824724602203182258e+02
1.825214198286413705e+02
1.825703794369645152e+02
1.826193390452876315e+02
1.826682986536107762e+02
1.827172582619339209e+02
1.827662178702570372e+02
1.828151774785801820e+02
1.828641370869032983e+02
1.829130966952264430e+02
1.829620563035495593e+02
1.830110159118727040e+02
1.830599755201958487e+02
1.831089351285189650e+02
1.831578947368421098e+02
1.832068543451652545e+02
1.832558139534883708e+02
1.833047735618115155e+02
1.833537331701346318e+02
1.834026927784577765e+02
1.834516523867808928e+02
1.835006119951040375e+02
1.835495716034271823e+02
1.835985312117502986e+02
1.836474908200734433e+02
1.836964504283965880e+02
1.837454100367197043e+02
1.837943696450428490e+02
1.838433292533659653e+02
1.838922888616891100e+02
1.839412484700122263e+02
1.839902080783353711e+02
1.840391676866585158e+02
1.840881272949816321e+02
1.841370869033047768e+02
1.841860465116279215e+02
1.842350061199510378e+02
1.842839657282741825e+02
1.843329253365972988e+02
1.843818849449204436e+02
1.844308445532435599e+02
1.844798041615667046e+02
1.845287637698898493e+02
1.845777233782129656e+02
1.846266829865361103e+02
1.846756425948592550e+02
1.847246022031823713e+02
1.847735618115055161e+02
1.848225214198286324e+02
1.848714810281517771e+02
1.849204406364749218e+02
1.849694002447980381e+02
1.850183598531211828e+02
1.850673194614442991e+02
1.851162790697674438e+02
1.851652386780905886e+02
1.852141982864137049e+02
1.852631578947368496e+02
1.853121175030599659e+02
1.853610771113831106e+02
1.854100367197062553e+02
1.854589963280293716e+02
1.855079559363525163e+02
1.855569155446756326e+02
1.856058751529987774e+02
1.856548347613219221e+02
1.857037943696450384e+02
1.857527539779681831e+02
1.858017135862912994e+02
1.858506731946144441e+02
1.858996328029375888e+02
1.859485924112607051e+02
1.859975520195838499e+02
1.860465116279069662e+02
1.860954712362301109e+02
1.861444308445532556e+02
1.861933904528763719e+02
1.862423500611995166e+02
1.862913096695226329e+02
1.863402692778457777e+02
1.863892288861689224e+02
1.864381884944920387e+02
1.864871481028151834e+02
1.865361077111382997e+02
1.865850673194614444e+02
1.866340269277845891e+02
1.866829865361077054e+02
1.867319461444308502e+02
1.867809057527539949e+02
1.868298653610771112e+02
1.868788249694002559e+02
1.869277845777233722e+02
1.869767441860465169e+02
1.870257037943696332e+02
1.870746634026927779e+02
1.871236230110159227e+02
1.871725826193390390e+02
1.872215422276621837e+02
1.872705018359853284e+02
1.873194614443084447e+02
1.873684210526315894e+02
1.874173806609547057e+02
1.874663402692778504e+02
1.875152998776009667e+02
1.875642594859241115e+02
1.876132190942472562e+02
1.876621787025703725e+02
1.877111383108935172e+02
1.877600979192166619e+02
1.878090575275397782e+02
1.878580171358629229e+02
1.879069767441860392e+02
1.879559363525091840e+02
1.880048959608323003e+02
1.880538555691554450e+02
1.881028151774785897e+02
1.881517747858017060e+02
1.882007343941248507e+02
1.882496940024479954e+02
1.882986536107711117e+02
1.883476132190942565e+02
1.883965728274173728e+02
1.884455324357405175e+02
1.884944920440636338e+02
1.885434516523867785e+02
1.885924112607099232e+02
1.886413708690330395e+02
1.886903304773561842e+02
1.887392900856793290e+02
1.887882496940024453e+02
1.888372093023255900e+02
1.888861689106487063e+02
1.889351285189718510e+02
1.889840881272949673e+02
1.890330477356181120e+02
1.890820073439412567e+02
1.891309669522643730e+02
1.891799265605875178e+02
1.892288861689106625e+02
1.892778457772337788e+02
1.893268053855569235e+02
1.893757649938800398e+02
1.894247246022031845e+02
1.894736842105263293e+02
1.895226438188494456e+02
1.895716034271725903e+02
1.896205630354957066e+02
1.896695226438188513e+02
1.897184822521419960e+02
1.897674418604651123e+02
1.898164014687882570e+02
1.898653610771113733e+02
1.899143206854345181e+02
1.899632802937576628e+02
1.900122399020807791e+02
1.900611995104039238e+02
1.901101591187270401e+02
1.901591187270501848e+02
1.902080783353733295e+02
1.902570379436964458e+02
1.903059975520195906e+02
1.903549571603427069e+02
1.904039167686658516e+02
1.904528763769889963e+02
1.905018359853121126e+02
1.905507955936352573e+02
1.905997552019583736e+02
1.906487148102815183e+02
1.906976744186046631e+02
1.907466340269277794e+02
1.907955936352509241e+02
1.908445532435740688e+02
1.908935128518971851e+02
1.909424724602203298e+02
1.909914320685434461e+02
1.910403916768665908e+02
1.910893512851897071e+02
1.911383108935128519e+02
1.911872705018359966e+02
1.912362301101591129e+02
1.912851897184822576e+02
1.913341493268054023e+02
1.913831089351285186e+02
1.914320685434516633e+02
1.914810281517747796e+02
1.915299877600979244e+02
1.915789473684210407e+02
1.916279069767441854e+02
1.916768665850673301e+02
1.917258261933904464e+02
1.917747858017135911e+02
1.918237454100367358e+02
1.918727050183598521e+02
1.919216646266829969e+02
1.919706242350061132e+02
1.920195838433292579e+02
1.920685434516523742e+02
1.921175030599755189e+02
1.921664626682986636e+02
1.922154222766217799e+02
1.922643818849449246e+02
1.923133414932680694e+02
1.923623011015911857e+02
1.924112607099143304e+02
1.924602203182374467e+02
1.925091799265605914e+02
1.925581395348837077e+02
1.926070991432068524e+02
1.926560587515299972e+02
1.927050183598531135e+02
1.927539779681762582e+02
1.928029375764994029e+02
1.928518971848225192e+02
1.929008567931456639e+02
1.929498164014687802e+02
1.929987760097919249e+02
1.930477356181150412e+02
1.930966952264381860e+02
1.931456548347613307e+02
1.931946144430844470e+02
1.932435740514075917e+02
1.932925336597307364e+02
1.933414932680538527e+02
1.933904528763769974e+02
1.934394124847001137e+02
1.934883720930232585e+02
1.935373317013463748e+02
1.935862913096695195e+02
1.936352509179926642e+02
1.936842105263157805e+02
1.937331701346389252e+02
1.937821297429620699e+02
1.938310893512851862e+02
1.938800489596083310e+02
1.939290085679314757e+02
1.939779681762545920e+02
1.940269277845777083e+02
1.940758873929008530e+02
1.941248470012239977e+02
1.941738066095471140e+02
1.942227662178702587e+02
1.942717258261934035e+02
1.943206854345165198e+02
1.943696450428396645e+02
1.944186046511628092e+02
1.944675642594859255e+02
1.945165238678090418e+02
1.945654834761321865e+02
1.946144430844553312e+02
1.946634026927784475e+02
1.947123623011015923e+02
1.947613219094247370e+02
1.948102815177478533e+02
1.948592411260709980e+02
1.949082007343941427e+02
1.949571603427172590e+02
1.950061199510404037e+02
1.950550795593635200e+02
1.951040391676866648e+02
1.951529987760097811e+02
1.952019583843329258e+02
1.952509179926560705e+02
1.952998776009791868e+02
1.953488372093023315e+02
1.953977968176254763e+02
1.954467564259485926e+02
1.954957160342717373e+02
1.955446756425948536e+02
1.955936352509179983e+02
1.956425948592411146e+02
1.956915544675642593e+02
1.957405140758874040e+02
1.957894736842105203e+02
1.958384332925336651e+02
1.958873929008568098e+02
1.959363525091799261e+02
1.959853121175030708e+02
1.960342717258261871e+02
1.960832313341493318e+02
1.961321909424724481e+02
1.961811505507955928e+02
1.962301101591187376e+02
1.962790697674418539e+02
1.963280293757649986e+02
1.963769889840881433e+02
1.964259485924112596e+02
1.964749082007344043e+02
1.965238678090575206e+02
1.965728274173806653e+02
1.966217870257037816e+02
1.966707466340269264e+02
1.967197062423500711e+02
1.967686658506731874e+02
1.968176254589963321e+02
1.968665850673194768e+02
1.969155446756425931e+02
1.969645042839657378e+02
1.970134638922888541e+02
1.970624235006119989e+02
1.971113831089351152e+02
1.971603427172582599e+02
1.972093023255814046e+02
1.972582619339045209e+02
1.973072215422276656e+02
1.973561811505508103e+02
1.974051407588739266e+02
1.974541003671970714e+02
1.975030599755201877e+02
1.975520195838433324e+02
1.976009791921664487e+02
1.976499388004895934e+02
1.976988984088127381e+02
1.977478580171358544e+02
1.977968176254589991e+02
1.978457772337821439e+02
1.978947368421052602e+02
1.979436964504284049e+02
1.979926560587515496e+02
1.980416156670746659e+02
1.980905752753977822e+02
1.981395348837209269e+02
1.981884944920440716e+02
1.982374541003671879e+02
1.982864137086903327e+02
1.983353733170134774e+02
1.983843329253365937e+02
1.984332925336597384e+02
1.984822521419828831e+02
1.985312117503059994e+02
1.985801713586291157e+02
1.986291309669522605e+02
1.986780905752754052e+02
1.987270501835985215e+02
1.987760097919216662e+02
1.988249694002448109e+02
1.988739290085679272e+02
1.989228886168910719e+02
1.989718482252142167e+02
1.990208078335373330e+02
1.990697674418604777e+02
1.991187270501835940e+02
1.991676866585067387e+02
1.992166462668298550e+02
1.992656058751529997e+02
1.993145654834761444e+02
1.993635250917992607e+02
1.994124847001224055e+02
1.994614443084455502e+02
1.995104039167686665e+02
1.995593635250918112e+02
1.996083231334149275e+02
1.996572827417380722e+02
1.997062423500611885e+02
1.997552019583843332e+02
1.998041615667074780e+02
1.998531211750305943e+02
1.999020807833537390e+02
1.999510403916768837e+02
2.000000000000000000e+02
