5.831289768218994141e+00
5.831289768218994141e+00
5.863329887390136719e+00
5.895370483398437500e+00
5.895370483398437500e+00
5.927411079406738281e+00
5.927411079406738281e+00
5.959451198577880859e+00
5.959451198577880859e+00
5.991488456726074219e+00
5.991488456726074219e+00
6.023529052734375000e+00
6.023529052734375000e+00
6.055569648742675781e+00
6.055569648742675781e+00
6.087609767913818359e+00
6.087609767913818359e+00
6.119650363922119141e+00
6.119650363922119141e+00
6.151690483093261719e+00
6.151690483093261719e+00
6.183731079101562500e+00
6.215771675109863281e+00
6.247808933258056641e+00
6.247808933258056641e+00
6.279849052429199219e+00
6.279849052429199219e+00
6.311889648437500000e+00
6.311889648437500000e+00
6.343930244445800781e+00
6.343930244445800781e+00
6.375970363616943359e+00
6.375970363616943359e+00
6.408010959625244141e+00
6.408010959625244141e+00
6.440051078796386719e+00
6.440051078796386719e+00
6.472091674804687500e+00
6.472091674804687500e+00
6.504132270812988281e+00
6.504132270812988281e+00
6.536169528961181641e+00
6.568209648132324219e+00
6.568209648132324219e+00
6.600250244140625000e+00
6.600250244140625000e+00
6.632290840148925781e+00
6.632290840148925781e+00
6.664330959320068359e+00
6.664330959320068359e+00
6.696371555328369141e+00
6.696371555328369141e+00
6.728411674499511719e+00
6.728411674499511719e+00
6.760452270507812500e+00
6.760452270507812500e+00
6.792492866516113281e+00
6.792492866516113281e+00
6.824530124664306641e+00
6.824530124664306641e+00
6.856570243835449219e+00
6.888610839843750000e+00
6.920651435852050781e+00
6.920651435852050781e+00
6.952691555023193359e+00
6.952691555023193359e+00
6.984732151031494141e+00
6.984732151031494141e+00
7.016772270202636719e+00
7.016772270202636719e+00
7.048812866210937500e+00
7.048812866210937500e+00
7.080850124359130859e+00
7.080850124359130859e+00
7.112890720367431641e+00
7.112890720367431641e+00
7.144930839538574219e+00
7.144930839538574219e+00
7.176971435546875000e+00
7.176971435546875000e+00
7.209012031555175781e+00
7.209012031555175781e+00
7.209012031555175781e+00
7.241052150726318359e+00
7.241052150726318359e+00
7.241052150726318359e+00
7.273092746734619141e+00
7.273092746734619141e+00
7.305132865905761719e+00
7.305132865905761719e+00
7.305132865905761719e+00
7.337173461914062500e+00
7.337173461914062500e+00
7.337173461914062500e+00
7.369210720062255859e+00
7.369210720062255859e+00
7.369210720062255859e+00
7.401251316070556641e+00
7.401251316070556641e+00
7.433291435241699219e+00
7.433291435241699219e+00
7.433291435241699219e+00
7.465332031250000000e+00
7.465332031250000000e+00
7.465332031250000000e+00
7.497372627258300781e+00
7.497372627258300781e+00
7.497372627258300781e+00
7.529412746429443359e+00
7.529412746429443359e+00
7.561453342437744141e+00
7.561453342437744141e+00
7.561453342437744141e+00
7.593493461608886719e+00
7.593493461608886719e+00
7.593493461608886719e+00
7.625531196594238281e+00
7.625531196594238281e+00
7.625531196594238281e+00
7.657571315765380859e+00
7.657571315765380859e+00
7.689611911773681641e+00
7.689611911773681641e+00
7.689611911773681641e+00
7.721652030944824219e+00
7.721652030944824219e+00
7.721652030944824219e+00
7.753692626953125000e+00
7.753692626953125000e+00
7.753692626953125000e+00
7.785733222961425781e+00
7.785733222961425781e+00
7.817773342132568359e+00
7.817773342132568359e+00
7.849813938140869141e+00
7.849813938140869141e+00
7.849813938140869141e+00
7.881854057312011719e+00
7.881854057312011719e+00
7.881854057312011719e+00
7.913891792297363281e+00
7.913891792297363281e+00
7.913891792297363281e+00
7.945931911468505859e+00
7.945931911468505859e+00
7.977972507476806641e+00
7.977972507476806641e+00
7.977972507476806641e+00
8.010012626647949219e+00
8.010012626647949219e+00
8.010012626647949219e+00
8.042053222656250000e+00
8.042053222656250000e+00
8.042053222656250000e+00
8.074093818664550781e+00
8.074093818664550781e+00
8.106134414672851562e+00
8.106134414672851562e+00
8.106134414672851562e+00
8.138174057006835938e+00
8.138174057006835938e+00
8.138174057006835938e+00
8.170214653015136719e+00
8.170214653015136719e+00
8.170214653015136719e+00
8.202252388000488281e+00
8.202252388000488281e+00
8.234292984008789062e+00
8.234292984008789062e+00
8.234292984008789062e+00
8.266332626342773438e+00
8.266332626342773438e+00
8.266332626342773438e+00
8.298373222351074219e+00
8.298373222351074219e+00
8.298373222351074219e+00
8.330413818359375000e+00
8.330413818359375000e+00
8.362454414367675781e+00
8.362454414367675781e+00
8.362454414367675781e+00
8.394495010375976562e+00
8.394495010375976562e+00
8.394495010375976562e+00
8.394495010375976562e+00
8.394495010375976562e+00
8.394495010375976562e+00
8.426534652709960938e+00
8.426534652709960938e+00
8.426534652709960938e+00
8.426534652709960938e+00
8.426534652709960938e+00
8.426534652709960938e+00
8.426534652709960938e+00
8.458572387695312500e+00
8.458572387695312500e+00
8.458572387695312500e+00
8.458572387695312500e+00
8.458572387695312500e+00
8.458572387695312500e+00
8.458572387695312500e+00
8.490612983703613281e+00
8.490612983703613281e+00
8.490612983703613281e+00
8.490612983703613281e+00
8.490612983703613281e+00
8.490612983703613281e+00
8.490612983703613281e+00
8.522653579711914062e+00
8.522653579711914062e+00
8.522653579711914062e+00
8.522653579711914062e+00
8.522653579711914062e+00
8.522653579711914062e+00
8.522653579711914062e+00
8.554693222045898438e+00
8.554693222045898438e+00
8.554693222045898438e+00
8.554693222045898438e+00
8.554693222045898438e+00
8.554693222045898438e+00
8.554693222045898438e+00
8.586733818054199219e+00
8.586733818054199219e+00
8.586733818054199219e+00
8.586733818054199219e+00
8.586733818054199219e+00
8.586733818054199219e+00
8.586733818054199219e+00
8.618774414062500000e+00
8.618774414062500000e+00
8.618774414062500000e+00
8.618774414062500000e+00
8.618774414062500000e+00
8.618774414062500000e+00
8.618774414062500000e+00
8.650815010070800781e+00
8.650815010070800781e+00
8.650815010070800781e+00
8.650815010070800781e+00
8.650815010070800781e+00
8.650815010070800781e+00
8.650815010070800781e+00
8.682855606079101562e+00
8.682855606079101562e+00
8.682855606079101562e+00
8.682855606079101562e+00
8.682855606079101562e+00
8.682855606079101562e+00
8.682855606079101562e+00
8.682855606079101562e+00
8.714895248413085938e+00
8.714895248413085938e+00
8.714895248413085938e+00
8.714895248413085938e+00
8.714895248413085938e+00
8.714895248413085938e+00
8.714895248413085938e+00
8.746932983398437500e+00
8.746932983398437500e+00
8.746932983398437500e+00
8.746932983398437500e+00
8.746932983398437500e+00
8.746932983398437500e+00
8.746932983398437500e+00
8.778973579406738281e+00
8.778973579406738281e+00
8.778973579406738281e+00
8.778973579406738281e+00
8.778973579406738281e+00
8.778973579406738281e+00
8.778973579406738281e+00
8.811014175415039062e+00
8.811014175415039062e+00
8.811014175415039062e+00
8.811014175415039062e+00
8.811014175415039062e+00
8.811014175415039062e+00
8.811014175415039062e+00
8.843053817749023438e+00
8.843053817749023438e+00
8.843053817749023438e+00
8.843053817749023438e+00
8.843053817749023438e+00
8.843053817749023438e+00
8.843053817749023438e+00
8.875094413757324219e+00
8.875094413757324219e+00
8.875094413757324219e+00
8.875094413757324219e+00
8.875094413757324219e+00
8.875094413757324219e+00
8.875094413757324219e+00
8.907135009765625000e+00
8.907135009765625000e+00
8.907135009765625000e+00
8.907135009765625000e+00
8.907135009765625000e+00
8.907135009765625000e+00
8.907135009765625000e+00
8.939175605773925781e+00
8.939175605773925781e+00
8.939175605773925781e+00
8.939175605773925781e+00
8.939175605773925781e+00
8.939175605773925781e+00
8.939175605773925781e+00
8.971216201782226562e+00
8.971216201782226562e+00
8.971216201782226562e+00
8.971216201782226562e+00
8.971216201782226562e+00
8.971216201782226562e+00
8.971216201782226562e+00
9.003252983093261719e+00
9.003252983093261719e+00
9.003252983093261719e+00
9.003252983093261719e+00
9.003252983093261719e+00
9.003252983093261719e+00
9.003252983093261719e+00
9.035293579101562500e+00
9.035293579101562500e+00
9.035293579101562500e+00
9.035293579101562500e+00
9.035293579101562500e+00
9.035293579101562500e+00
9.035293579101562500e+00
9.067334175109863281e+00
9.067334175109863281e+00
9.067334175109863281e+00
9.067334175109863281e+00
9.067334175109863281e+00
9.067334175109863281e+00
9.067334175109863281e+00
9.099374771118164062e+00
9.099374771118164062e+00
9.099374771118164062e+00
9.099374771118164062e+00
9.099374771118164062e+00
9.099374771118164062e+00
9.099374771118164062e+00
9.131414413452148438e+00
9.131414413452148438e+00
9.131414413452148438e+00
9.131414413452148438e+00
9.131414413452148438e+00
9.131414413452148438e+00
9.131414413452148438e+00
9.163455009460449219e+00
9.163455009460449219e+00
9.163455009460449219e+00
9.163455009460449219e+00
9.163455009460449219e+00
9.163455009460449219e+00
9.163455009460449219e+00
9.195495605468750000e+00
9.195495605468750000e+00
9.195495605468750000e+00
9.195495605468750000e+00
9.195495605468750000e+00
9.195495605468750000e+00
9.195495605468750000e+00
9.227536201477050781e+00
9.227536201477050781e+00
9.227536201477050781e+00
9.227536201477050781e+00
9.227536201477050781e+00
9.227536201477050781e+00
9.227536201477050781e+00
9.227536201477050781e+00
9.259576797485351562e+00
9.259576797485351562e+00
9.259576797485351562e+00
9.259576797485351562e+00
9.259576797485351562e+00
9.259576797485351562e+00
9.259576797485351562e+00
9.291613578796386719e+00
9.291613578796386719e+00
9.291613578796386719e+00
9.291613578796386719e+00
9.291613578796386719e+00
9.291613578796386719e+00
9.291613578796386719e+00
9.323654174804687500e+00
9.323654174804687500e+00
9.323654174804687500e+00
9.323654174804687500e+00
9.323654174804687500e+00
9.323654174804687500e+00
9.323654174804687500e+00
9.355694770812988281e+00
9.355694770812988281e+00
9.355694770812988281e+00
9.355694770812988281e+00
9.355694770812988281e+00
9.355694770812988281e+00
9.355694770812988281e+00
9.387735366821289062e+00
9.387735366821289062e+00
9.387735366821289062e+00
9.387735366821289062e+00
9.387735366821289062e+00
9.387735366821289062e+00
9.387735366821289062e+00
9.419775009155273438e+00
9.419775009155273438e+00
9.419775009155273438e+00
9.419775009155273438e+00
9.419775009155273438e+00
9.419775009155273438e+00
9.419775009155273438e+00
9.451815605163574219e+00
9.451815605163574219e+00
9.451815605163574219e+00
9.451815605163574219e+00
9.451815605163574219e+00
9.451815605163574219e+00
9.451815605163574219e+00
9.483856201171875000e+00
9.483856201171875000e+00
9.483856201171875000e+00
9.483856201171875000e+00
9.483856201171875000e+00
9.483856201171875000e+00
9.483856201171875000e+00
9.515896797180175781e+00
9.515896797180175781e+00
9.515896797180175781e+00
9.515896797180175781e+00
9.515896797180175781e+00
9.515896797180175781e+00
9.515896797180175781e+00
9.515896797180175781e+00
9.515896797180175781e+00
9.515896797180175781e+00
9.515896797180175781e+00
9.515896797180175781e+00
9.547937393188476562e+00
9.547937393188476562e+00
9.547937393188476562e+00
9.547937393188476562e+00
9.547937393188476562e+00
9.547937393188476562e+00
9.547937393188476562e+00
9.547937393188476562e+00
9.547937393188476562e+00
9.547937393188476562e+00
9.547937393188476562e+00
9.547937393188476562e+00
9.547937393188476562e+00
9.547937393188476562e+00
9.547937393188476562e+00
9.579974174499511719e+00
9.579974174499511719e+00
9.579974174499511719e+00
9.579974174499511719e+00
9.579974174499511719e+00
9.579974174499511719e+00
9.579974174499511719e+00
9.579974174499511719e+00
9.579974174499511719e+00
9.579974174499511719e+00
9.579974174499511719e+00
9.579974174499511719e+00
9.579974174499511719e+00
9.579974174499511719e+00
9.579974174499511719e+00
9.612014770507812500e+00
9.612014770507812500e+00
9.612014770507812500e+00
9.612014770507812500e+00
9.612014770507812500e+00
9.612014770507812500e+00
9.612014770507812500e+00
9.612014770507812500e+00
9.612014770507812500e+00
9.612014770507812500e+00
9.612014770507812500e+00
9.612014770507812500e+00
9.612014770507812500e+00
9.612014770507812500e+00
9.612014770507812500e+00
9.644055366516113281e+00
9.644055366516113281e+00
9.644055366516113281e+00
9.644055366516113281e+00
9.644055366516113281e+00
9.644055366516113281e+00
9.644055366516113281e+00
9.644055366516113281e+00
9.644055366516113281e+00
9.644055366516113281e+00
9.644055366516113281e+00
9.644055366516113281e+00
9.644055366516113281e+00
9.644055366516113281e+00
9.644055366516113281e+00
9.676095962524414062e+00
9.676095962524414062e+00
9.676095962524414062e+00
9.676095962524414062e+00
9.676095962524414062e+00
9.676095962524414062e+00
9.676095962524414062e+00
9.676095962524414062e+00
9.676095962524414062e+00
9.676095962524414062e+00
9.676095962524414062e+00
9.676095962524414062e+00
9.676095962524414062e+00
9.676095962524414062e+00
9.676095962524414062e+00
9.708135604858398438e+00
9.708135604858398438e+00
9.708135604858398438e+00
9.708135604858398438e+00
9.708135604858398438e+00
9.708135604858398438e+00
9.708135604858398438e+00
9.708135604858398438e+00
9.708135604858398438e+00
9.708135604858398438e+00
9.708135604858398438e+00
9.708135604858398438e+00
9.708135604858398438e+00
9.708135604858398438e+00
9.740176200866699219e+00
9.740176200866699219e+00
9.740176200866699219e+00
9.740176200866699219e+00
9.740176200866699219e+00
9.740176200866699219e+00
9.740176200866699219e+00
9.740176200866699219e+00
9.740176200866699219e+00
9.740176200866699219e+00
9.740176200866699219e+00
9.740176200866699219e+00
9.740176200866699219e+00
9.740176200866699219e+00
9.772216796875000000e+00
9.772216796875000000e+00
9.772216796875000000e+00
9.772216796875000000e+00
9.772216796875000000e+00
9.772216796875000000e+00
9.772216796875000000e+00
9.772216796875000000e+00
9.772216796875000000e+00
9.772216796875000000e+00
9.772216796875000000e+00
9.772216796875000000e+00
9.772216796875000000e+00
9.772216796875000000e+00
9.772216796875000000e+00
9.804257392883300781e+00
9.804257392883300781e+00
9.804257392883300781e+00
9.804257392883300781e+00
9.804257392883300781e+00
9.804257392883300781e+00
9.804257392883300781e+00
9.804257392883300781e+00
9.804257392883300781e+00
9.804257392883300781e+00
9.804257392883300781e+00
9.804257392883300781e+00
9.804257392883300781e+00
9.804257392883300781e+00
9.804257392883300781e+00
9.836294174194335938e+00
9.836294174194335938e+00
9.836294174194335938e+00
9.836294174194335938e+00
9.836294174194335938e+00
9.836294174194335938e+00
9.836294174194335938e+00
9.836294174194335938e+00
9.836294174194335938e+00
9.836294174194335938e+00
9.836294174194335938e+00
9.836294174194335938e+00
9.836294174194335938e+00
9.836294174194335938e+00
9.836294174194335938e+00
9.868334770202636719e+00
9.868334770202636719e+00
9.868334770202636719e+00
9.868334770202636719e+00
9.868334770202636719e+00
9.868334770202636719e+00
9.868334770202636719e+00
9.868334770202636719e+00
9.868334770202636719e+00
9.868334770202636719e+00
9.868334770202636719e+00
9.868334770202636719e+00
9.868334770202636719e+00
9.868334770202636719e+00
9.868334770202636719e+00
9.900375366210937500e+00
9.900375366210937500e+00
9.900375366210937500e+00
9.900375366210937500e+00
9.900375366210937500e+00
9.900375366210937500e+00
9.900375366210937500e+00
9.900375366210937500e+00
9.900375366210937500e+00
9.900375366210937500e+00
9.900375366210937500e+00
9.900375366210937500e+00
9.900375366210937500e+00
9.900375366210937500e+00
9.900375366210937500e+00
9.932415962219238281e+00
9.932415962219238281e+00
9.932415962219238281e+00
9.932415962219238281e+00
9.932415962219238281e+00
9.932415962219238281e+00
9.932415962219238281e+00
9.932415962219238281e+00
9.932415962219238281e+00
9.932415962219238281e+00
9.932415962219238281e+00
9.932415962219238281e+00
9.932415962219238281e+00
9.932415962219238281e+00
9.932415962219238281e+00
9.964456558227539062e+00
9.964456558227539062e+00
9.964456558227539062e+00
9.964456558227539062e+00
9.964456558227539062e+00
9.964456558227539062e+00
9.964456558227539062e+00
9.964456558227539062e+00
9.964456558227539062e+00
9.964456558227539062e+00
9.964456558227539062e+00
9.964456558227539062e+00
9.964456558227539062e+00
9.964456558227539062e+00
9.964456558227539062e+00
9.996496200561523438e+00
9.996496200561523438e+00
9.996496200561523438e+00
9.996496200561523438e+00
9.996496200561523438e+00
9.996496200561523438e+00
9.996496200561523438e+00
9.996496200561523438e+00
9.996496200561523438e+00
9.996496200561523438e+00
9.996496200561523438e+00
9.996496200561523438e+00
9.996496200561523438e+00
9.996496200561523438e+00
9.996496200561523438e+00
1.002853679656982422e+01
1.002853679656982422e+01
1.002853679656982422e+01
1.002853679656982422e+01
1.002853679656982422e+01
1.002853679656982422e+01
1.002853679656982422e+01
1.002853679656982422e+01
1.002853679656982422e+01
1.002853679656982422e+01
1.002853679656982422e+01
1.002853679656982422e+01
1.002853679656982422e+01
1.002853679656982422e+01
1.002853679656982422e+01
1.006057739257812500e+01
1.006057739257812500e+01
1.006057739257812500e+01
1.006057739257812500e+01
1.006057739257812500e+01
1.006057739257812500e+01
1.006057739257812500e+01
1.006057739257812500e+01
1.006057739257812500e+01
1.006057739257812500e+01
1.006057739257812500e+01
1.006057739257812500e+01
1.006057739257812500e+01
1.006057739257812500e+01
1.006057739257812500e+01
1.009261798858642578e+01
1.009261798858642578e+01
1.009261798858642578e+01
1.009261798858642578e+01
1.009261798858642578e+01
1.009261798858642578e+01
1.009261798858642578e+01
1.009261798858642578e+01
1.009261798858642578e+01
1.009261798858642578e+01
1.009261798858642578e+01
1.009261798858642578e+01
1.009261798858642578e+01
1.009261798858642578e+01
1.009261798858642578e+01
1.012465476989746094e+01
1.012465476989746094e+01
1.012465476989746094e+01
1.012465476989746094e+01
1.012465476989746094e+01
1.012465476989746094e+01
1.012465476989746094e+01
1.012465476989746094e+01
1.012465476989746094e+01
1.012465476989746094e+01
1.012465476989746094e+01
1.012465476989746094e+01
1.012465476989746094e+01
1.012465476989746094e+01
1.015669536590576172e+01
1.015669536590576172e+01
1.015669536590576172e+01
1.015669536590576172e+01
1.015669536590576172e+01
1.015669536590576172e+01
1.015669536590576172e+01
1.015669536590576172e+01
1.015669536590576172e+01
1.015669536590576172e+01
1.015669536590576172e+01
1.015669536590576172e+01
1.015669536590576172e+01
1.015669536590576172e+01
1.018873596191406250e+01
1.018873596191406250e+01
1.018873596191406250e+01
1.018873596191406250e+01
1.018873596191406250e+01
1.018873596191406250e+01
1.018873596191406250e+01
1.018873596191406250e+01
1.018873596191406250e+01
1.018873596191406250e+01
1.018873596191406250e+01
1.018873596191406250e+01
1.018873596191406250e+01
1.018873596191406250e+01
1.018873596191406250e+01
1.022077655792236328e+01
1.022077655792236328e+01
1.022077655792236328e+01
1.022077655792236328e+01
1.022077655792236328e+01
1.022077655792236328e+01
1.022077655792236328e+01
1.022077655792236328e+01
1.022077655792236328e+01
1.022077655792236328e+01
1.022077655792236328e+01
1.022077655792236328e+01
1.022077655792236328e+01
1.022077655792236328e+01
1.022077655792236328e+01
1.025281715393066406e+01
1.025281715393066406e+01
1.025281715393066406e+01
1.025281715393066406e+01
1.025281715393066406e+01
1.025281715393066406e+01
1.025281715393066406e+01
1.025281715393066406e+01
1.025281715393066406e+01
1.025281715393066406e+01
1.025281715393066406e+01
1.025281715393066406e+01
1.025281715393066406e+01
1.025281715393066406e+01
1.025281715393066406e+01
1.028485679626464844e+01
1.028485679626464844e+01
1.028485679626464844e+01
1.028485679626464844e+01
1.028485679626464844e+01
1.028485679626464844e+01
1.028485679626464844e+01
1.028485679626464844e+01
1.028485679626464844e+01
1.028485679626464844e+01
1.028485679626464844e+01
1.028485679626464844e+01
1.028485679626464844e+01
1.028485679626464844e+01
1.028485679626464844e+01
1.031689739227294922e+01
1.031689739227294922e+01
1.031689739227294922e+01
1.031689739227294922e+01
1.031689739227294922e+01
1.031689739227294922e+01
1.031689739227294922e+01
1.031689739227294922e+01
1.031689739227294922e+01
1.031689739227294922e+01
1.031689739227294922e+01
1.031689739227294922e+01
1.031689739227294922e+01
1.031689739227294922e+01
1.031689739227294922e+01
1.034893798828125000e+01
1.034893798828125000e+01
1.034893798828125000e+01
1.034893798828125000e+01
1.034893798828125000e+01
1.034893798828125000e+01
1.034893798828125000e+01
1.034893798828125000e+01
